

										OUTPUT FILE OF STRUCTURAL MODEL CONTAINING MEMBER PROPERTIES AND REACTIONS


																	MEMBER PROPERTIES



S.no		TYPE		   E				   G				  Iz					  Iy			AREA			LENGTH			   J			
 
1    	:	   Bx		2.000000e+05		7.500000e+04		5.208333e+09		5.208333e+09		250000.00		4000.00		8802083333.33		 
2    	:	   Bx		2.000000e+05		7.500000e+04		5.208333e+09		5.208333e+09		250000.00		4000.00		8802083333.33		 
3    	:	   Bx		2.000000e+05		7.500000e+04		5.208333e+09		5.208333e+09		250000.00		4000.00		8802083333.33		 
4    	:	   Bx		2.000000e+05		7.500000e+04		5.208333e+09		5.208333e+09		250000.00		4000.00		8802083333.33		 
5    	:	   Bx		2.000000e+05		7.500000e+04		5.208333e+09		5.208333e+09		250000.00		4000.00		8802083333.33		 
6    	:	   Bx		2.000000e+05		7.500000e+04		5.208333e+09		5.208333e+09		250000.00		4000.00		8802083333.33		 
7    	:	   Bx		2.000000e+05		7.500000e+04		5.208333e+09		5.208333e+09		250000.00		4000.00		8802083333.33		 
8    	:	   Bx		2.000000e+05		7.500000e+04		5.208333e+09		5.208333e+09		250000.00		4000.00		8802083333.33		 
9    	:	   Bx		2.000000e+05		7.500000e+04		5.208333e+09		5.208333e+09		250000.00		4000.00		8802083333.33		 
10   	:	   Bx		2.000000e+05		7.500000e+04		5.208333e+09		5.208333e+09		250000.00		4000.00		8802083333.33		 
11   	:	   Bx		2.000000e+05		7.500000e+04		5.208333e+09		5.208333e+09		250000.00		4000.00		8802083333.33		 
12   	:	   Bx		2.000000e+05		7.500000e+04		5.208333e+09		5.208333e+09		250000.00		4000.00		8802083333.33		 
13   	:	   Bz		2.000000e+05		7.500000e+04		5.208333e+09		5.208333e+09		250000.00		5000.00		8802083333.33		 
14   	:	   Bz		2.000000e+05		7.500000e+04		5.208333e+09		5.208333e+09		250000.00		5000.00		8802083333.33		 
15   	:	   Bz		2.000000e+05		7.500000e+04		5.208333e+09		5.208333e+09		250000.00		5000.00		8802083333.33		 
16   	:	   Bz		2.000000e+05		7.500000e+04		5.208333e+09		5.208333e+09		250000.00		5000.00		8802083333.33		 
17   	:	   Bz		2.000000e+05		7.500000e+04		5.208333e+09		5.208333e+09		250000.00		5000.00		8802083333.33		 
18   	:	   Bz		2.000000e+05		7.500000e+04		5.208333e+09		5.208333e+09		250000.00		5000.00		8802083333.33		 
19   	:	   Bz		2.000000e+05		7.500000e+04		5.208333e+09		5.208333e+09		250000.00		5000.00		8802083333.33		 
20   	:	   Bz		2.000000e+05		7.500000e+04		5.208333e+09		5.208333e+09		250000.00		5000.00		8802083333.33		 
21   	:	   Bz		2.000000e+05		7.500000e+04		5.208333e+09		5.208333e+09		250000.00		5000.00		8802083333.33		 
22   	:	   Bz		2.000000e+05		7.500000e+04		5.208333e+09		5.208333e+09		250000.00		5000.00		8802083333.33		 
23   	:	    C		2.000000e+05		7.500000e+04		1.600000e+09		9.000000e+08		120000.00		3300.00		1943850585.94		 
24   	:	    C		2.000000e+05		7.500000e+04		1.600000e+09		9.000000e+08		120000.00		3300.00		1943850585.94		 
25   	:	    C		2.000000e+05		7.500000e+04		1.600000e+09		9.000000e+08		120000.00		3300.00		1943850585.94		 
26   	:	    C		2.000000e+05		7.500000e+04		1.600000e+09		9.000000e+08		120000.00		3300.00		1943850585.94		 
27   	:	    C		2.000000e+05		7.500000e+04		1.600000e+09		9.000000e+08		120000.00		3300.00		1943850585.94		 
28   	:	    C		2.000000e+05		7.500000e+04		1.600000e+09		9.000000e+08		120000.00		3300.00		1943850585.94		 
29   	:	    C		2.000000e+05		7.500000e+04		1.600000e+09		9.000000e+08		120000.00		3300.00		1943850585.94		 
30   	:	    C		2.000000e+05		7.500000e+04		1.600000e+09		9.000000e+08		120000.00		3300.00		1943850585.94		 
31   	:	    C		2.000000e+05		7.500000e+04		1.600000e+09		9.000000e+08		120000.00		3300.00		1943850585.94		 
32   	:	    C		2.000000e+05		7.500000e+04		1.600000e+09		9.000000e+08		120000.00		3300.00		1943850585.94		 
33   	:	    C		2.000000e+05		7.500000e+04		1.600000e+09		9.000000e+08		120000.00		3300.00		1943850585.94		 
34   	:	    C		2.000000e+05		7.500000e+04		1.600000e+09		9.000000e+08		120000.00		3300.00		1943850585.94		 
35   	:	    C		2.000000e+05		7.500000e+04		1.600000e+09		9.000000e+08		120000.00		3300.00		1943850585.94		 
36   	:	    C		2.000000e+05		7.500000e+04		1.600000e+09		9.000000e+08		120000.00		3300.00		1943850585.94		 
37   	:	    C		2.000000e+05		7.500000e+04		1.600000e+09		9.000000e+08		120000.00		3300.00		1943850585.94		 
38   	:	   Bx		2.000000e+05		7.500000e+04		5.208333e+09		5.208333e+09		250000.00		4000.00		8802083333.33		 
39   	:	   Bx		2.000000e+05		7.500000e+04		5.208333e+09		5.208333e+09		250000.00		4000.00		8802083333.33		 
40   	:	   Bx		2.000000e+05		7.500000e+04		5.208333e+09		5.208333e+09		250000.00		4000.00		8802083333.33		 
41   	:	   Bx		2.000000e+05		7.500000e+04		5.208333e+09		5.208333e+09		250000.00		4000.00		8802083333.33		 
42   	:	   Bx		2.000000e+05		7.500000e+04		5.208333e+09		5.208333e+09		250000.00		4000.00		8802083333.33		 
43   	:	   Bx		2.000000e+05		7.500000e+04		5.208333e+09		5.208333e+09		250000.00		4000.00		8802083333.33		 
44   	:	   Bx		2.000000e+05		7.500000e+04		5.208333e+09		5.208333e+09		250000.00		4000.00		8802083333.33		 
45   	:	   Bx		2.000000e+05		7.500000e+04		5.208333e+09		5.208333e+09		250000.00		4000.00		8802083333.33		 
46   	:	   Bx		2.000000e+05		7.500000e+04		5.208333e+09		5.208333e+09		250000.00		4000.00		8802083333.33		 
47   	:	   Bx		2.000000e+05		7.500000e+04		5.208333e+09		5.208333e+09		250000.00		4000.00		8802083333.33		 
48   	:	   Bx		2.000000e+05		7.500000e+04		5.208333e+09		5.208333e+09		250000.00		4000.00		8802083333.33		 
49   	:	   Bx		2.000000e+05		7.500000e+04		5.208333e+09		5.208333e+09		250000.00		4000.00		8802083333.33		 
50   	:	   Bz		2.000000e+05		7.500000e+04		5.208333e+09		5.208333e+09		250000.00		5000.00		8802083333.33		 
51   	:	   Bz		2.000000e+05		7.500000e+04		5.208333e+09		5.208333e+09		250000.00		5000.00		8802083333.33		 
52   	:	   Bz		2.000000e+05		7.500000e+04		5.208333e+09		5.208333e+09		250000.00		5000.00		8802083333.33		 
53   	:	   Bz		2.000000e+05		7.500000e+04		5.208333e+09		5.208333e+09		250000.00		5000.00		8802083333.33		 
54   	:	   Bz		2.000000e+05		7.500000e+04		5.208333e+09		5.208333e+09		250000.00		5000.00		8802083333.33		 
55   	:	   Bz		2.000000e+05		7.500000e+04		5.208333e+09		5.208333e+09		250000.00		5000.00		8802083333.33		 
56   	:	   Bz		2.000000e+05		7.500000e+04		5.208333e+09		5.208333e+09		250000.00		5000.00		8802083333.33		 
57   	:	   Bz		2.000000e+05		7.500000e+04		5.208333e+09		5.208333e+09		250000.00		5000.00		8802083333.33		 
58   	:	   Bz		2.000000e+05		7.500000e+04		5.208333e+09		5.208333e+09		250000.00		5000.00		8802083333.33		 
59   	:	   Bz		2.000000e+05		7.500000e+04		5.208333e+09		5.208333e+09		250000.00		5000.00		8802083333.33		 
60   	:	    C		2.000000e+05		7.500000e+04		1.600000e+09		9.000000e+08		120000.00		3300.00		1943850585.94		 
61   	:	    C		2.000000e+05		7.500000e+04		1.600000e+09		9.000000e+08		120000.00		3300.00		1943850585.94		 
62   	:	    C		2.000000e+05		7.500000e+04		1.600000e+09		9.000000e+08		120000.00		3300.00		1943850585.94		 
63   	:	    C		2.000000e+05		7.500000e+04		1.600000e+09		9.000000e+08		120000.00		3300.00		1943850585.94		 
64   	:	    C		2.000000e+05		7.500000e+04		1.600000e+09		9.000000e+08		120000.00		3300.00		1943850585.94		 
65   	:	    C		2.000000e+05		7.500000e+04		1.600000e+09		9.000000e+08		120000.00		3300.00		1943850585.94		 
66   	:	    C		2.000000e+05		7.500000e+04		1.600000e+09		9.000000e+08		120000.00		3300.00		1943850585.94		 
67   	:	    C		2.000000e+05		7.500000e+04		1.600000e+09		9.000000e+08		120000.00		3300.00		1943850585.94		 
68   	:	    C		2.000000e+05		7.500000e+04		1.600000e+09		9.000000e+08		120000.00		3300.00		1943850585.94		 
69   	:	    C		2.000000e+05		7.500000e+04		1.600000e+09		9.000000e+08		120000.00		3300.00		1943850585.94		 
70   	:	    C		2.000000e+05		7.500000e+04		1.600000e+09		9.000000e+08		120000.00		3300.00		1943850585.94		 
71   	:	    C		2.000000e+05		7.500000e+04		1.600000e+09		9.000000e+08		120000.00		3300.00		1943850585.94		 
72   	:	    C		2.000000e+05		7.500000e+04		1.600000e+09		9.000000e+08		120000.00		3300.00		1943850585.94		 
73   	:	    C		2.000000e+05		7.500000e+04		1.600000e+09		9.000000e+08		120000.00		3300.00		1943850585.94		 
74   	:	    C		2.000000e+05		7.500000e+04		1.600000e+09		9.000000e+08		120000.00		3300.00		1943850585.94		 
75   	:	   Bx		2.000000e+05		7.500000e+04		5.208333e+09		5.208333e+09		250000.00		4000.00		8802083333.33		 
76   	:	   Bx		2.000000e+05		7.500000e+04		5.208333e+09		5.208333e+09		250000.00		4000.00		8802083333.33		 
77   	:	   Bx		2.000000e+05		7.500000e+04		5.208333e+09		5.208333e+09		250000.00		4000.00		8802083333.33		 
78   	:	   Bx		2.000000e+05		7.500000e+04		5.208333e+09		5.208333e+09		250000.00		4000.00		8802083333.33		 
79   	:	   Bx		2.000000e+05		7.500000e+04		5.208333e+09		5.208333e+09		250000.00		4000.00		8802083333.33		 
80   	:	   Bx		2.000000e+05		7.500000e+04		5.208333e+09		5.208333e+09		250000.00		4000.00		8802083333.33		 
81   	:	   Bx		2.000000e+05		7.500000e+04		5.208333e+09		5.208333e+09		250000.00		4000.00		8802083333.33		 
82   	:	   Bx		2.000000e+05		7.500000e+04		5.208333e+09		5.208333e+09		250000.00		4000.00		8802083333.33		 
83   	:	   Bx		2.000000e+05		7.500000e+04		5.208333e+09		5.208333e+09		250000.00		4000.00		8802083333.33		 
84   	:	   Bx		2.000000e+05		7.500000e+04		5.208333e+09		5.208333e+09		250000.00		4000.00		8802083333.33		 
85   	:	   Bx		2.000000e+05		7.500000e+04		5.208333e+09		5.208333e+09		250000.00		4000.00		8802083333.33		 
86   	:	   Bx		2.000000e+05		7.500000e+04		5.208333e+09		5.208333e+09		250000.00		4000.00		8802083333.33		 
87   	:	   Bz		2.000000e+05		7.500000e+04		5.208333e+09		5.208333e+09		250000.00		5000.00		8802083333.33		 
88   	:	   Bz		2.000000e+05		7.500000e+04		5.208333e+09		5.208333e+09		250000.00		5000.00		8802083333.33		 
89   	:	   Bz		2.000000e+05		7.500000e+04		5.208333e+09		5.208333e+09		250000.00		5000.00		8802083333.33		 
90   	:	   Bz		2.000000e+05		7.500000e+04		5.208333e+09		5.208333e+09		250000.00		5000.00		8802083333.33		 
91   	:	   Bz		2.000000e+05		7.500000e+04		5.208333e+09		5.208333e+09		250000.00		5000.00		8802083333.33		 
92   	:	   Bz		2.000000e+05		7.500000e+04		5.208333e+09		5.208333e+09		250000.00		5000.00		8802083333.33		 
93   	:	   Bz		2.000000e+05		7.500000e+04		5.208333e+09		5.208333e+09		250000.00		5000.00		8802083333.33		 
94   	:	   Bz		2.000000e+05		7.500000e+04		5.208333e+09		5.208333e+09		250000.00		5000.00		8802083333.33		 
95   	:	   Bz		2.000000e+05		7.500000e+04		5.208333e+09		5.208333e+09		250000.00		5000.00		8802083333.33		 
96   	:	   Bz		2.000000e+05		7.500000e+04		5.208333e+09		5.208333e+09		250000.00		5000.00		8802083333.33		 
97   	:	    C		2.000000e+05		7.500000e+04		1.600000e+09		9.000000e+08		120000.00		3300.00		1943850585.94		 
98   	:	    C		2.000000e+05		7.500000e+04		1.600000e+09		9.000000e+08		120000.00		3300.00		1943850585.94		 
99   	:	    C		2.000000e+05		7.500000e+04		1.600000e+09		9.000000e+08		120000.00		3300.00		1943850585.94		 
100  	:	    C		2.000000e+05		7.500000e+04		1.600000e+09		9.000000e+08		120000.00		3300.00		1943850585.94		 
101  	:	    C		2.000000e+05		7.500000e+04		1.600000e+09		9.000000e+08		120000.00		3300.00		1943850585.94		 
102  	:	    C		2.000000e+05		7.500000e+04		1.600000e+09		9.000000e+08		120000.00		3300.00		1943850585.94		 
103  	:	    C		2.000000e+05		7.500000e+04		1.600000e+09		9.000000e+08		120000.00		3300.00		1943850585.94		 
104  	:	    C		2.000000e+05		7.500000e+04		1.600000e+09		9.000000e+08		120000.00		3300.00		1943850585.94		 
105  	:	    C		2.000000e+05		7.500000e+04		1.600000e+09		9.000000e+08		120000.00		3300.00		1943850585.94		 
106  	:	    C		2.000000e+05		7.500000e+04		1.600000e+09		9.000000e+08		120000.00		3300.00		1943850585.94		 
107  	:	    C		2.000000e+05		7.500000e+04		1.600000e+09		9.000000e+08		120000.00		3300.00		1943850585.94		 
108  	:	    C		2.000000e+05		7.500000e+04		1.600000e+09		9.000000e+08		120000.00		3300.00		1943850585.94		 
109  	:	    C		2.000000e+05		7.500000e+04		1.600000e+09		9.000000e+08		120000.00		3300.00		1943850585.94		 
110  	:	    C		2.000000e+05		7.500000e+04		1.600000e+09		9.000000e+08		120000.00		3300.00		1943850585.94		 
111  	:	    C		2.000000e+05		7.500000e+04		1.600000e+09		9.000000e+08		120000.00		3300.00		1943850585.94		 
112  	:	   Bx		2.000000e+05		7.500000e+04		5.208333e+09		5.208333e+09		250000.00		4000.00		8802083333.33		 
113  	:	   Bx		2.000000e+05		7.500000e+04		5.208333e+09		5.208333e+09		250000.00		4000.00		8802083333.33		 
114  	:	   Bx		2.000000e+05		7.500000e+04		5.208333e+09		5.208333e+09		250000.00		4000.00		8802083333.33		 
115  	:	   Bx		2.000000e+05		7.500000e+04		5.208333e+09		5.208333e+09		250000.00		4000.00		8802083333.33		 
116  	:	   Bx		2.000000e+05		7.500000e+04		5.208333e+09		5.208333e+09		250000.00		4000.00		8802083333.33		 
117  	:	   Bx		2.000000e+05		7.500000e+04		5.208333e+09		5.208333e+09		250000.00		4000.00		8802083333.33		 
118  	:	   Bx		2.000000e+05		7.500000e+04		5.208333e+09		5.208333e+09		250000.00		4000.00		8802083333.33		 
119  	:	   Bx		2.000000e+05		7.500000e+04		5.208333e+09		5.208333e+09		250000.00		4000.00		8802083333.33		 
120  	:	   Bx		2.000000e+05		7.500000e+04		5.208333e+09		5.208333e+09		250000.00		4000.00		8802083333.33		 
121  	:	   Bx		2.000000e+05		7.500000e+04		5.208333e+09		5.208333e+09		250000.00		4000.00		8802083333.33		 
122  	:	   Bx		2.000000e+05		7.500000e+04		5.208333e+09		5.208333e+09		250000.00		4000.00		8802083333.33		 
123  	:	   Bx		2.000000e+05		7.500000e+04		5.208333e+09		5.208333e+09		250000.00		4000.00		8802083333.33		 
124  	:	   Bz		2.000000e+05		7.500000e+04		5.208333e+09		5.208333e+09		250000.00		5000.00		8802083333.33		 
125  	:	   Bz		2.000000e+05		7.500000e+04		5.208333e+09		5.208333e+09		250000.00		5000.00		8802083333.33		 
126  	:	   Bz		2.000000e+05		7.500000e+04		5.208333e+09		5.208333e+09		250000.00		5000.00		8802083333.33		 
127  	:	   Bz		2.000000e+05		7.500000e+04		5.208333e+09		5.208333e+09		250000.00		5000.00		8802083333.33		 
128  	:	   Bz		2.000000e+05		7.500000e+04		5.208333e+09		5.208333e+09		250000.00		5000.00		8802083333.33		 
129  	:	   Bz		2.000000e+05		7.500000e+04		5.208333e+09		5.208333e+09		250000.00		5000.00		8802083333.33		 
130  	:	   Bz		2.000000e+05		7.500000e+04		5.208333e+09		5.208333e+09		250000.00		5000.00		8802083333.33		 
131  	:	   Bz		2.000000e+05		7.500000e+04		5.208333e+09		5.208333e+09		250000.00		5000.00		8802083333.33		 
132  	:	   Bz		2.000000e+05		7.500000e+04		5.208333e+09		5.208333e+09		250000.00		5000.00		8802083333.33		 
133  	:	   Bz		2.000000e+05		7.500000e+04		5.208333e+09		5.208333e+09		250000.00		5000.00		8802083333.33		 
134  	:	    C		2.000000e+05		7.500000e+04		1.600000e+09		9.000000e+08		120000.00		3300.00		1943850585.94		 
135  	:	    C		2.000000e+05		7.500000e+04		1.600000e+09		9.000000e+08		120000.00		3300.00		1943850585.94		 
136  	:	    C		2.000000e+05		7.500000e+04		1.600000e+09		9.000000e+08		120000.00		3300.00		1943850585.94		 
137  	:	    C		2.000000e+05		7.500000e+04		1.600000e+09		9.000000e+08		120000.00		3300.00		1943850585.94		 
138  	:	    C		2.000000e+05		7.500000e+04		1.600000e+09		9.000000e+08		120000.00		3300.00		1943850585.94		 
139  	:	    C		2.000000e+05		7.500000e+04		1.600000e+09		9.000000e+08		120000.00		3300.00		1943850585.94		 
140  	:	    C		2.000000e+05		7.500000e+04		1.600000e+09		9.000000e+08		120000.00		3300.00		1943850585.94		 
141  	:	    C		2.000000e+05		7.500000e+04		1.600000e+09		9.000000e+08		120000.00		3300.00		1943850585.94		 
142  	:	    C		2.000000e+05		7.500000e+04		1.600000e+09		9.000000e+08		120000.00		3300.00		1943850585.94		 
143  	:	    C		2.000000e+05		7.500000e+04		1.600000e+09		9.000000e+08		120000.00		3300.00		1943850585.94		 
144  	:	    C		2.000000e+05		7.500000e+04		1.600000e+09		9.000000e+08		120000.00		3300.00		1943850585.94		 
145  	:	    C		2.000000e+05		7.500000e+04		1.600000e+09		9.000000e+08		120000.00		3300.00		1943850585.94		 
146  	:	    C		2.000000e+05		7.500000e+04		1.600000e+09		9.000000e+08		120000.00		3300.00		1943850585.94		 
147  	:	    C		2.000000e+05		7.500000e+04		1.600000e+09		9.000000e+08		120000.00		3300.00		1943850585.94		 
148  	:	    C		2.000000e+05		7.500000e+04		1.600000e+09		9.000000e+08		120000.00		3300.00		1943850585.94		 



																	MEMBER-END DISPLACEMENTS



S.no				   1			   2				   3				   4					   5				   6				   7				   8			   9				  10				  11				  12			
 
1    	:		4.798459e-01		2.885757e-02		-1.720035e+00		-2.141100e-05		-2.310178e-04		-1.408290e-05		4.801779e-01		6.463903e-03		-8.124481e-01		-1.153778e-05		-2.220356e-04		-6.323377e-06	
2    	:		4.801779e-01		6.463903e-03		-8.124481e-01		-1.153778e-05		-2.220356e-04		-6.323377e-06		4.804891e-01		-7.615600e-05		5.463548e-03		2.738010e-07		-2.102250e-04		-5.112261e-06	
3    	:		4.804891e-01		-7.615600e-05		5.463548e-03		2.738010e-07		-2.102250e-04		-5.112261e-06		4.804322e-01		-6.536136e-03		8.180348e-01		1.180620e-05		-2.197566e-04		-6.309638e-06	
4    	:		4.804322e-01		-6.536136e-03		8.180348e-01		1.180620e-05		-2.197566e-04		-6.309638e-06		4.802539e-01		-2.870918e-02		1.708985e+00		2.086879e-05		-2.295710e-04		-1.400117e-05	
5    	:		1.709932e+00		3.792039e-02		-1.721402e+00		-4.014004e-06		-2.666492e-04		-4.415230e-05		1.709394e+00		-5.897787e-03		-8.120047e-01		-4.769056e-06		-2.446030e-04		-1.785083e-05	
6    	:		1.709394e+00		-5.897787e-03		-8.120047e-01		-4.769056e-06		-2.446030e-04		-1.785083e-05		1.708892e+00		-6.311332e-05		5.495849e-03		2.753762e-08		-2.377366e-04		-1.487729e-05	
7    	:		1.708892e+00		-6.311332e-05		5.495849e-03		2.753762e-08		-2.377366e-04		-1.487729e-05		1.708710e+00		5.669144e-03		8.177755e-01		4.720195e-06		-2.413660e-04		-1.785097e-05	
8    	:		1.708710e+00		5.669144e-03		8.177755e-01		4.720195e-06		-2.413660e-04		-1.785097e-05		1.708825e+00		-3.762863e-02		1.710135e+00		4.035329e-06		-2.595896e-04		-4.330668e-05	
9    	:		3.315499e+00		5.703935e-02		-1.722384e+00		-1.961150e-05		-2.759830e-04		-9.994331e-05		3.282232e+00		-2.044078e-02		-8.115965e-01		-1.167275e-05		-2.398245e-04		-3.983989e-05	
10   	:		3.282232e+00		-2.044078e-02		-8.115965e-01		-1.167275e-05		-2.398245e-04		-3.983989e-05		3.258196e+00		-5.412525e-04		5.525612e-03		1.705463e-07		-2.312304e-04		-3.487196e-05	
11   	:		3.258196e+00		-5.412525e-04		5.525612e-03		1.705463e-07		-2.312304e-04		-3.487196e-05		3.243382e+00		1.870432e-02		8.175333e-01		1.174196e-05		-2.360177e-04		-3.856974e-05	
12   	:		3.243382e+00		1.870432e-02		8.175333e-01		1.174196e-05		-2.360177e-04		-3.856974e-05		3.237346e+00		-5.476165e-02		1.710922e+00		1.937175e-05		-2.649478e-04		-9.144192e-05	
13   	:		1.720035e+00		2.885757e-02		4.798459e-01		1.408290e-05		-2.310178e-04		-2.141100e-05		1.721402e+00		3.792039e-02		1.709932e+00		4.415230e-05		-2.666492e-04		-4.014004e-06	
14   	:		8.124481e-01		6.463903e-03		4.801779e-01		6.323377e-06		-2.220356e-04		-1.153778e-05		8.120047e-01		-5.897787e-03		1.709394e+00		1.785083e-05		-2.446030e-04		-4.769056e-06	
15   	:		-5.463548e-03		-7.615600e-05		4.804891e-01		5.112261e-06		-2.102250e-04		2.738010e-07		-5.495849e-03		-6.311332e-05		1.708892e+00		1.487729e-05		-2.377366e-04		2.753762e-08	
16   	:		-8.180348e-01		-6.536136e-03		4.804322e-01		6.309638e-06		-2.197566e-04		1.180620e-05		-8.177755e-01		5.669144e-03		1.708710e+00		1.785097e-05		-2.413660e-04		4.720195e-06	
17   	:		-1.708985e+00		-2.870918e-02		4.802539e-01		1.400117e-05		-2.295710e-04		2.086879e-05		-1.710135e+00		-3.762863e-02		1.708825e+00		4.330668e-05		-2.595896e-04		4.035329e-06	
18   	:		1.721402e+00		3.792039e-02		1.709932e+00		4.415230e-05		-2.666492e-04		-4.014004e-06		1.722384e+00		5.703935e-02		3.315499e+00		9.994331e-05		-2.759830e-04		-1.961150e-05	
19   	:		8.120047e-01		-5.897787e-03		1.709394e+00		1.785083e-05		-2.446030e-04		-4.769056e-06		8.115965e-01		-2.044078e-02		3.282232e+00		3.983989e-05		-2.398245e-04		-1.167275e-05	
20   	:		-5.495849e-03		-6.311332e-05		1.708892e+00		1.487729e-05		-2.377366e-04		2.753762e-08		-5.525612e-03		-5.412525e-04		3.258196e+00		3.487196e-05		-2.312304e-04		1.705463e-07	
21   	:		-8.177755e-01		5.669144e-03		1.708710e+00		1.785097e-05		-2.413660e-04		4.720195e-06		-8.175333e-01		1.870432e-02		3.243382e+00		3.856974e-05		-2.360177e-04		1.174196e-05	
22   	:		-1.710135e+00		-3.762863e-02		1.708825e+00		4.330668e-05		-2.595896e-04		4.035329e-06		-1.710922e+00		-5.476165e-02		3.237346e+00		9.144192e-05		-2.649478e-04		1.937175e-05	
23   	:		-2.885757e-02		4.798459e-01		-1.720035e+00		2.310178e-04		-2.141100e-05		-1.408290e-05		-2.736432e-02		3.954376e-01		-1.386306e+00		1.825324e-04		-4.597523e-05		-2.152192e-05	
24   	:		-6.463903e-03		4.801779e-01		-8.124481e-01		2.220356e-04		-1.153778e-05		-6.323377e-06		-6.129394e-03		3.955981e-01		-6.722391e-01		1.769643e-04		-2.343254e-05		-1.089244e-05	
25   	:		7.615600e-05		4.804891e-01		5.463548e-03		2.102250e-04		2.738010e-07		-5.112261e-06		6.738947e-05		3.957296e-01		1.679313e-03		1.718618e-04		3.034176e-07		-1.081819e-05	
26   	:		6.536136e-03		4.804322e-01		8.180348e-01		2.197566e-04		1.180620e-05		-6.309638e-06		6.191314e-03		3.956487e-01		6.735920e-01		1.762741e-04		2.371840e-05		-1.087597e-05	
27   	:		2.870918e-02		4.802539e-01		1.708985e+00		2.295710e-04		2.086879e-05		-1.400117e-05		2.723501e-02		3.955137e-01		1.383273e+00		1.819059e-04		4.538595e-05		-2.149861e-05	
28   	:		-3.792039e-02		1.709932e+00		-1.721402e+00		2.666492e-04		-4.014004e-06		-4.415230e-05		-3.569049e-02		1.338996e+00		-1.386634e+00		1.914133e-04		-1.485661e-05		-6.959247e-05	
29   	:		5.897787e-03		1.709394e+00		-8.120047e-01		2.446030e-04		-4.769056e-06		-1.785083e-05		5.633496e-03		1.338982e+00		-6.721538e-01		1.839606e-04		-9.344821e-06		-3.438010e-05	
30   	:		6.311332e-05		1.708892e+00		5.495849e-03		2.377366e-04		2.753762e-08		-1.487729e-05		5.716609e-05		1.338983e+00		1.678573e-03		1.811767e-04		7.421369e-08		-3.449998e-05	
31   	:		-5.669144e-03		1.708710e+00		8.177755e-01		2.413660e-04		4.720195e-06		-1.785097e-05		-5.445280e-03		1.338970e+00		6.735120e-01		1.834348e-04		9.360620e-06		-3.432150e-05	
32   	:		3.762863e-02		1.708825e+00		1.710135e+00		2.595896e-04		4.035329e-06		-4.330668e-05		3.544510e-02		1.338984e+00		1.383598e+00		1.908965e-04		1.476660e-05		-6.908953e-05	
33   	:		-5.703935e-02		3.315499e+00		-1.722384e+00		2.759830e-04		-1.961150e-05		-9.994331e-05		-5.268725e-02		2.360140e+00		-1.386860e+00		1.925111e-04		-4.483311e-05		-1.429005e-04	
34   	:		2.044078e-02		3.282232e+00		-8.115965e-01		2.398245e-04		-1.167275e-05		-3.983989e-05		1.919569e-02		2.359526e+00		-6.720674e-01		1.810905e-04		-2.353779e-05		-7.013063e-05	
35   	:		5.412525e-04		3.258196e+00		5.525612e-03		2.312304e-04		1.705463e-07		-3.487196e-05		4.688530e-04		2.358954e+00		1.681423e-03		1.770978e-04		2.386009e-07		-7.011839e-05	
36   	:		-1.870432e-02		3.243382e+00		8.175333e-01		2.360177e-04		1.174196e-05		-3.856974e-05		-1.776906e-02		2.358666e+00		6.734373e-01		1.803757e-04		2.369756e-05		-6.870552e-05	
37   	:		5.476165e-02		3.237346e+00		1.710922e+00		2.649478e-04		1.937175e-05		-9.144192e-05		5.079176e-02		2.358740e+00		1.383809e+00		1.915028e-04		4.443475e-05		-1.363272e-04	
38   	:		3.954376e-01		2.736432e-02		-1.386306e+00		-4.597523e-05		-1.825324e-04		-2.152192e-05		3.955981e-01		6.129394e-03		-6.722391e-01		-2.343254e-05		-1.769643e-04		-1.089244e-05	
39   	:		3.955981e-01		6.129394e-03		-6.722391e-01		-2.343254e-05		-1.769643e-04		-1.089244e-05		3.957296e-01		-6.738947e-05		1.679313e-03		3.034176e-07		-1.718618e-04		-1.081819e-05	
40   	:		3.957296e-01		-6.738947e-05		1.679313e-03		3.034176e-07		-1.718618e-04		-1.081819e-05		3.956487e-01		-6.191314e-03		6.735920e-01		2.371840e-05		-1.762741e-04		-1.087597e-05	
41   	:		3.956487e-01		-6.191314e-03		6.735920e-01		2.371840e-05		-1.762741e-04		-1.087597e-05		3.955137e-01		-2.723501e-02		1.383273e+00		4.538595e-05		-1.819059e-04		-2.149861e-05	
42   	:		1.338996e+00		3.569049e-02		-1.386634e+00		-1.485661e-05		-1.914133e-04		-6.959247e-05		1.338982e+00		-5.633496e-03		-6.721538e-01		-9.344821e-06		-1.839606e-04		-3.438010e-05	
43   	:		1.338982e+00		-5.633496e-03		-6.721538e-01		-9.344821e-06		-1.839606e-04		-3.438010e-05		1.338983e+00		-5.716609e-05		1.678573e-03		7.421369e-08		-1.811767e-04		-3.449998e-05	
44   	:		1.338983e+00		-5.716609e-05		1.678573e-03		7.421369e-08		-1.811767e-04		-3.449998e-05		1.338970e+00		5.445280e-03		6.735120e-01		9.360620e-06		-1.834348e-04		-3.432150e-05	
45   	:		1.338970e+00		5.445280e-03		6.735120e-01		9.360620e-06		-1.834348e-04		-3.432150e-05		1.338984e+00		-3.544510e-02		1.383598e+00		1.476660e-05		-1.908965e-04		-6.908953e-05	
46   	:		2.360140e+00		5.268725e-02		-1.386860e+00		-4.483311e-05		-1.925111e-04		-1.429005e-04		2.359526e+00		-1.919569e-02		-6.720674e-01		-2.353779e-05		-1.810905e-04		-7.013063e-05	
47   	:		2.359526e+00		-1.919569e-02		-6.720674e-01		-2.353779e-05		-1.810905e-04		-7.013063e-05		2.358954e+00		-4.688530e-04		1.681423e-03		2.386009e-07		-1.770978e-04		-7.011839e-05	
48   	:		2.358954e+00		-4.688530e-04		1.681423e-03		2.386009e-07		-1.770978e-04		-7.011839e-05		2.358666e+00		1.776906e-02		6.734373e-01		2.369756e-05		-1.803757e-04		-6.870552e-05	
49   	:		2.358666e+00		1.776906e-02		6.734373e-01		2.369756e-05		-1.803757e-04		-6.870552e-05		2.358740e+00		-5.079176e-02		1.383809e+00		4.443475e-05		-1.915028e-04		-1.363272e-04	
50   	:		1.386306e+00		2.736432e-02		3.954376e-01		2.152192e-05		-1.825324e-04		-4.597523e-05		1.386634e+00		3.569049e-02		1.338996e+00		6.959247e-05		-1.914133e-04		-1.485661e-05	
51   	:		6.722391e-01		6.129394e-03		3.955981e-01		1.089244e-05		-1.769643e-04		-2.343254e-05		6.721538e-01		-5.633496e-03		1.338982e+00		3.438010e-05		-1.839606e-04		-9.344821e-06	
52   	:		-1.679313e-03		-6.738947e-05		3.957296e-01		1.081819e-05		-1.718618e-04		3.034176e-07		-1.678573e-03		-5.716609e-05		1.338983e+00		3.449998e-05		-1.811767e-04		7.421369e-08	
53   	:		-6.735920e-01		-6.191314e-03		3.956487e-01		1.087597e-05		-1.762741e-04		2.371840e-05		-6.735120e-01		5.445280e-03		1.338970e+00		3.432150e-05		-1.834348e-04		9.360620e-06	
54   	:		-1.383273e+00		-2.723501e-02		3.955137e-01		2.149861e-05		-1.819059e-04		4.538595e-05		-1.383598e+00		-3.544510e-02		1.338984e+00		6.908953e-05		-1.908965e-04		1.476660e-05	
55   	:		1.386634e+00		3.569049e-02		1.338996e+00		6.959247e-05		-1.914133e-04		-1.485661e-05		1.386860e+00		5.268725e-02		2.360140e+00		1.429005e-04		-1.925111e-04		-4.483311e-05	
56   	:		6.721538e-01		-5.633496e-03		1.338982e+00		3.438010e-05		-1.839606e-04		-9.344821e-06		6.720674e-01		-1.919569e-02		2.359526e+00		7.013063e-05		-1.810905e-04		-2.353779e-05	
57   	:		-1.678573e-03		-5.716609e-05		1.338983e+00		3.449998e-05		-1.811767e-04		7.421369e-08		-1.681423e-03		-4.688530e-04		2.358954e+00		7.011839e-05		-1.770978e-04		2.386009e-07	
58   	:		-6.735120e-01		5.445280e-03		1.338970e+00		3.432150e-05		-1.834348e-04		9.360620e-06		-6.734373e-01		1.776906e-02		2.358666e+00		6.870552e-05		-1.803757e-04		2.369756e-05	
59   	:		-1.383598e+00		-3.544510e-02		1.338984e+00		6.908953e-05		-1.908965e-04		1.476660e-05		-1.383809e+00		-5.079176e-02		2.358740e+00		1.363272e-04		-1.915028e-04		4.443475e-05	
60   	:		-2.736432e-02		3.954376e-01		-1.386306e+00		1.825324e-04		-4.597523e-05		-2.152192e-05		-2.249476e-02		2.654026e-01		-9.264946e-01		1.193536e-04		-5.496018e-05		-2.542574e-05	
61   	:		-6.129394e-03		3.955981e-01		-6.722391e-01		1.769643e-04		-2.343254e-05		-1.089244e-05		-5.000955e-03		2.654463e-01		-4.561994e-01		1.171522e-04		-2.905525e-05		-1.269985e-05	
62   	:		6.738947e-05		3.957296e-01		1.679313e-03		1.718618e-04		3.034176e-07		-1.081819e-05		4.685479e-05		2.654916e-01		3.688024e-04		1.154700e-04		8.072768e-08		-1.333436e-05	
63   	:		6.191314e-03		3.956487e-01		6.735920e-01		1.762741e-04		2.371840e-05		-1.087597e-05		5.042382e-03		2.654563e-01		4.564598e-01		1.170017e-04		2.911373e-05		-1.268041e-05	
64   	:		2.723501e-02		3.955137e-01		1.383273e+00		1.819059e-04		4.538595e-05		-2.149861e-05		2.240648e-02		2.654173e-01		9.258655e-01		1.192149e-04		5.482097e-05		-2.541605e-05	
65   	:		-3.569049e-02		1.338996e+00		-1.386634e+00		1.914133e-04		-1.485661e-05		-6.959247e-05		-2.890593e-02		8.720344e-01		-9.265487e-01		1.212083e-04		-1.896948e-05		-7.350032e-05	
66   	:		5.633496e-03		1.338982e+00		-6.721538e-01		1.839606e-04		-9.344821e-06		-3.438010e-05		4.722762e-03		8.720391e-01		-4.561783e-01		1.189544e-04		-1.128707e-05		-3.734775e-05	
67   	:		5.716609e-05		1.338983e+00		1.678573e-03		1.811767e-04		7.421369e-08		-3.449998e-05		4.251387e-05		8.720627e-01		3.689136e-04		1.179956e-04		1.175945e-08		-3.858231e-05	
68   	:		-5.445280e-03		1.338970e+00		6.735120e-01		1.834348e-04		9.360620e-06		-3.432150e-05		-4.599315e-03		8.720471e-01		4.564387e-01		1.188538e-04		1.125192e-05		-3.730652e-05	
69   	:		3.544510e-02		1.338984e+00		1.383598e+00		1.908965e-04		1.476660e-05		-6.908953e-05		2.873997e-02		8.720495e-01		9.259194e-01		1.211464e-04		1.899287e-05		-7.351713e-05	
70   	:		-5.268725e-02		2.360140e+00		-1.386860e+00		1.925111e-04		-4.483311e-05		-1.429005e-04		-4.110902e-02		1.491307e+00		-9.265941e-01		1.210365e-04		-5.411461e-05		-1.258167e-04	
71   	:		1.919569e-02		2.359526e+00		-6.720674e-01		1.810905e-04		-2.353779e-05		-7.013063e-05		1.553091e-02		1.491354e+00		-4.561703e-01		1.178387e-04		-2.912274e-05		-6.500699e-05	
72   	:		4.688530e-04		2.358954e+00		1.681423e-03		1.770978e-04		2.386009e-07		-7.011839e-05		3.231933e-04		1.491408e+00		3.690666e-04		1.163653e-04		3.303461e-08		-6.604845e-05	
73   	:		-1.776906e-02		2.358666e+00		6.734373e-01		1.803757e-04		2.369756e-05		-6.870552e-05		-1.464175e-02		1.491429e+00		4.564313e-01		1.176923e-04		2.909128e-05		-6.477560e-05	
74   	:		5.079176e-02		2.358740e+00		1.383809e+00		1.915028e-04		4.443475e-05		-1.363272e-04		3.989667e-02		1.491453e+00		9.259640e-01		1.209044e-04		5.411303e-05		-1.260056e-04	
75   	:		2.654026e-01		2.249476e-02		-9.264946e-01		-5.496018e-05		-1.193536e-04		-2.542574e-05		2.654463e-01		5.000955e-03		-4.561994e-01		-2.905525e-05		-1.171522e-04		-1.269985e-05	
76   	:		2.654463e-01		5.000955e-03		-4.561994e-01		-2.905525e-05		-1.171522e-04		-1.269985e-05		2.654916e-01		-4.685479e-05		3.688024e-04		8.072768e-08		-1.154700e-04		-1.333436e-05	
77   	:		2.654916e-01		-4.685479e-05		3.688024e-04		8.072768e-08		-1.154700e-04		-1.333436e-05		2.654563e-01		-5.042382e-03		4.564598e-01		2.911373e-05		-1.170017e-04		-1.268041e-05	
78   	:		2.654563e-01		-5.042382e-03		4.564598e-01		2.911373e-05		-1.170017e-04		-1.268041e-05		2.654173e-01		-2.240648e-02		9.258655e-01		5.482097e-05		-1.192149e-04		-2.541605e-05	
79   	:		8.720344e-01		2.890593e-02		-9.265487e-01		-1.896948e-05		-1.212083e-04		-7.350032e-05		8.720391e-01		-4.722762e-03		-4.561783e-01		-1.128707e-05		-1.189544e-04		-3.734775e-05	
80   	:		8.720391e-01		-4.722762e-03		-4.561783e-01		-1.128707e-05		-1.189544e-04		-3.734775e-05		8.720627e-01		-4.251387e-05		3.689136e-04		1.175945e-08		-1.179956e-04		-3.858231e-05	
81   	:		8.720627e-01		-4.251387e-05		3.689136e-04		1.175945e-08		-1.179956e-04		-3.858231e-05		8.720471e-01		4.599315e-03		4.564387e-01		1.125192e-05		-1.188538e-04		-3.730652e-05	
82   	:		8.720471e-01		4.599315e-03		4.564387e-01		1.125192e-05		-1.188538e-04		-3.730652e-05		8.720495e-01		-2.873997e-02		9.259194e-01		1.899287e-05		-1.211464e-04		-7.351713e-05	
83   	:		1.491307e+00		4.110902e-02		-9.265941e-01		-5.411461e-05		-1.210365e-04		-1.258167e-04		1.491354e+00		-1.553091e-02		-4.561703e-01		-2.912274e-05		-1.178387e-04		-6.500699e-05	
84   	:		1.491354e+00		-1.553091e-02		-4.561703e-01		-2.912274e-05		-1.178387e-04		-6.500699e-05		1.491408e+00		-3.231933e-04		3.690666e-04		3.303461e-08		-1.163653e-04		-6.604845e-05	
85   	:		1.491408e+00		-3.231933e-04		3.690666e-04		3.303461e-08		-1.163653e-04		-6.604845e-05		1.491429e+00		1.464175e-02		4.564313e-01		2.909128e-05		-1.176923e-04		-6.477560e-05	
86   	:		1.491429e+00		1.464175e-02		4.564313e-01		2.909128e-05		-1.176923e-04		-6.477560e-05		1.491453e+00		-3.989667e-02		9.259640e-01		5.411303e-05		-1.209044e-04		-1.260056e-04	
87   	:		9.264946e-01		2.249476e-02		2.654026e-01		2.542574e-05		-1.193536e-04		-5.496018e-05		9.265487e-01		2.890593e-02		8.720344e-01		7.350032e-05		-1.212083e-04		-1.896948e-05	
88   	:		4.561994e-01		5.000955e-03		2.654463e-01		1.269985e-05		-1.171522e-04		-2.905525e-05		4.561783e-01		-4.722762e-03		8.720391e-01		3.734775e-05		-1.189544e-04		-1.128707e-05	
89   	:		-3.688024e-04		-4.685479e-05		2.654916e-01		1.333436e-05		-1.154700e-04		8.072768e-08		-3.689136e-04		-4.251387e-05		8.720627e-01		3.858231e-05		-1.179956e-04		1.175945e-08	
90   	:		-4.564598e-01		-5.042382e-03		2.654563e-01		1.268041e-05		-1.170017e-04		2.911373e-05		-4.564387e-01		4.599315e-03		8.720471e-01		3.730652e-05		-1.188538e-04		1.125192e-05	
91   	:		-9.258655e-01		-2.240648e-02		2.654173e-01		2.541605e-05		-1.192149e-04		5.482097e-05		-9.259194e-01		-2.873997e-02		8.720495e-01		7.351713e-05		-1.211464e-04		1.899287e-05	
92   	:		9.265487e-01		2.890593e-02		8.720344e-01		7.350032e-05		-1.212083e-04		-1.896948e-05		9.265941e-01		4.110902e-02		1.491307e+00		1.258167e-04		-1.210365e-04		-5.411461e-05	
93   	:		4.561783e-01		-4.722762e-03		8.720391e-01		3.734775e-05		-1.189544e-04		-1.128707e-05		4.561703e-01		-1.553091e-02		1.491354e+00		6.500699e-05		-1.178387e-04		-2.912274e-05	
94   	:		-3.689136e-04		-4.251387e-05		8.720627e-01		3.858231e-05		-1.179956e-04		1.175945e-08		-3.690666e-04		-3.231933e-04		1.491408e+00		6.604845e-05		-1.163653e-04		3.303461e-08	
95   	:		-4.564387e-01		4.599315e-03		8.720471e-01		3.730652e-05		-1.188538e-04		1.125192e-05		-4.564313e-01		1.464175e-02		1.491429e+00		6.477560e-05		-1.176923e-04		2.909128e-05	
96   	:		-9.259194e-01		-2.873997e-02		8.720495e-01		7.351713e-05		-1.211464e-04		1.899287e-05		-9.259640e-01		-3.989667e-02		1.491453e+00		1.260056e-04		-1.209044e-04		5.411303e-05	
97   	:		-2.249476e-02		2.654026e-01		-9.264946e-01		1.193536e-04		-5.496018e-05		-2.542574e-05		-1.341776e-02		1.189851e-01		-4.299139e-01		5.484399e-05		-5.746076e-05		-2.538928e-05	
98   	:		-5.000955e-03		2.654463e-01		-4.561994e-01		1.171522e-04		-2.905525e-05		-1.269985e-05		-2.934646e-03		1.191097e-01		-2.126315e-01		5.412591e-05		-3.050690e-05		-1.132736e-05	
99   	:		4.685479e-05		2.654916e-01		3.688024e-04		1.154700e-04		8.072768e-08		-1.333436e-05		2.356052e-05		1.191549e-01		8.009960e-05		5.358033e-05		2.007901e-08		-1.329318e-05	
100  	:		5.042382e-03		2.654563e-01		4.564598e-01		1.170017e-04		2.911373e-05		-1.268041e-05		2.955209e-03		1.191122e-01		2.126901e-01		5.409314e-05		3.052001e-05		-1.131877e-05	
101  	:		2.240648e-02		2.654173e-01		9.258655e-01		1.192149e-04		5.482097e-05		-2.541605e-05		1.337364e-02		1.189888e-01		4.297752e-01		5.481324e-05		5.742757e-05		-2.537830e-05	
102  	:		-2.890593e-02		8.720344e-01		-9.265487e-01		1.212083e-04		-1.896948e-05		-7.350032e-05		-1.702017e-02		3.935086e-01		-4.300454e-01		5.498584e-05		-1.819517e-05		-7.148520e-05	
103  	:		4.722762e-03		8.720391e-01		-4.561783e-01		1.189544e-04		-1.128707e-05		-3.734775e-05		2.952763e-03		3.938095e-01		-2.126938e-01		5.447115e-05		-1.013011e-05		-3.363350e-05	
104  	:		4.251387e-05		8.720627e-01		3.689136e-04		1.179956e-04		1.175945e-08		-3.858231e-05		2.233550e-05		3.939035e-01		8.034950e-05		5.413301e-05		-4.519446e-09		-3.812186e-05	
105  	:		-4.599315e-03		8.720471e-01		4.564387e-01		1.188538e-04		1.125192e-05		-3.730652e-05		-2.890686e-03		3.938100e-01		2.127528e-01		5.444859e-05		1.010428e-05		-3.362356e-05	
106  	:		2.873997e-02		8.720495e-01		9.259194e-01		1.211464e-04		1.899287e-05		-7.351713e-05		1.693576e-02		3.935090e-01		4.299060e-01		5.497005e-05		1.822552e-05		-7.144675e-05	
107  	:		-4.110902e-02		1.491307e+00		-9.265941e-01		1.210365e-04		-5.411461e-05		-1.258167e-04		-2.348263e-02		6.697586e-01		-4.299351e-01		5.508178e-05		-5.703715e-05		-1.186563e-04	
108  	:		1.553091e-02		1.491354e+00		-4.561703e-01		1.178387e-04		-2.912274e-05		-6.500699e-05		9.344954e-03		6.702443e-01		-2.126268e-01		5.422041e-05		-3.053810e-05		-5.659310e-05	
109  	:		3.231933e-04		1.491408e+00		3.690666e-04		1.163653e-04		3.303461e-08		-6.604845e-05		1.639846e-04		6.703949e-01		8.056873e-05		5.370465e-05		-3.443709e-09		-6.322853e-05	
110  	:		-1.464175e-02		1.491429e+00		4.564313e-01		1.176923e-04		2.909128e-05		-6.477560e-05		-8.911927e-03		6.702448e-01		2.126863e-01		5.418758e-05		3.050794e-05		-5.652554e-05	
111  	:		3.989667e-02		1.491453e+00		9.259640e-01		1.209044e-04		5.411303e-05		-1.260056e-04		2.288562e-02		6.697568e-01		4.297950e-01		5.505087e-05		5.707076e-05		-1.184598e-04	
112  	:		1.189851e-01		1.341776e-02		-4.299139e-01		-5.746076e-05		-5.484399e-05		-2.538928e-05		1.191097e-01		2.934646e-03		-2.126315e-01		-3.050690e-05		-5.412591e-05		-1.132736e-05	
113  	:		1.191097e-01		2.934646e-03		-2.126315e-01		-3.050690e-05		-5.412591e-05		-1.132736e-05		1.191549e-01		-2.356052e-05		8.009960e-05		2.007901e-08		-5.358033e-05		-1.329318e-05	
114  	:		1.191549e-01		-2.356052e-05		8.009960e-05		2.007901e-08		-5.358033e-05		-1.329318e-05		1.191122e-01		-2.955209e-03		2.126901e-01		3.052001e-05		-5.409314e-05		-1.131877e-05	
115  	:		1.191122e-01		-2.955209e-03		2.126901e-01		3.052001e-05		-5.409314e-05		-1.131877e-05		1.189888e-01		-1.337364e-02		4.297752e-01		5.742757e-05		-5.481324e-05		-2.537830e-05	
116  	:		3.935086e-01		1.702017e-02		-4.300454e-01		-1.819517e-05		-5.498584e-05		-7.148520e-05		3.938095e-01		-2.952763e-03		-2.126938e-01		-1.013011e-05		-5.447115e-05		-3.363350e-05	
117  	:		3.938095e-01		-2.952763e-03		-2.126938e-01		-1.013011e-05		-5.447115e-05		-3.363350e-05		3.939035e-01		-2.233550e-05		8.034950e-05		-4.519446e-09		-5.413301e-05		-3.812186e-05	
118  	:		3.939035e-01		-2.233550e-05		8.034950e-05		-4.519446e-09		-5.413301e-05		-3.812186e-05		3.938100e-01		2.890686e-03		2.127528e-01		1.010428e-05		-5.444859e-05		-3.362356e-05	
119  	:		3.938100e-01		2.890686e-03		2.127528e-01		1.010428e-05		-5.444859e-05		-3.362356e-05		3.935090e-01		-1.693576e-02		4.299060e-01		1.822552e-05		-5.497005e-05		-7.144675e-05	
120  	:		6.697586e-01		2.348263e-02		-4.299351e-01		-5.703715e-05		-5.508178e-05		-1.186563e-04		6.702443e-01		-9.344954e-03		-2.126268e-01		-3.053810e-05		-5.422041e-05		-5.659310e-05	
121  	:		6.702443e-01		-9.344954e-03		-2.126268e-01		-3.053810e-05		-5.422041e-05		-5.659310e-05		6.703949e-01		-1.639846e-04		8.056873e-05		-3.443709e-09		-5.370465e-05		-6.322853e-05	
122  	:		6.703949e-01		-1.639846e-04		8.056873e-05		-3.443709e-09		-5.370465e-05		-6.322853e-05		6.702448e-01		8.911927e-03		2.126863e-01		3.050794e-05		-5.418758e-05		-5.652554e-05	
123  	:		6.702448e-01		8.911927e-03		2.126863e-01		3.050794e-05		-5.418758e-05		-5.652554e-05		6.697568e-01		-2.288562e-02		4.297950e-01		5.707076e-05		-5.505087e-05		-1.184598e-04	
124  	:		4.299139e-01		1.341776e-02		1.189851e-01		2.538928e-05		-5.484399e-05		-5.746076e-05		4.300454e-01		1.702017e-02		3.935086e-01		7.148520e-05		-5.498584e-05		-1.819517e-05	
125  	:		2.126315e-01		2.934646e-03		1.191097e-01		1.132736e-05		-5.412591e-05		-3.050690e-05		2.126938e-01		-2.952763e-03		3.938095e-01		3.363350e-05		-5.447115e-05		-1.013011e-05	
126  	:		-8.009960e-05		-2.356052e-05		1.191549e-01		1.329318e-05		-5.358033e-05		2.007901e-08		-8.034950e-05		-2.233550e-05		3.939035e-01		3.812186e-05		-5.413301e-05		-4.519446e-09	
127  	:		-2.126901e-01		-2.955209e-03		1.191122e-01		1.131877e-05		-5.409314e-05		3.052001e-05		-2.127528e-01		2.890686e-03		3.938100e-01		3.362356e-05		-5.444859e-05		1.010428e-05	
128  	:		-4.297752e-01		-1.337364e-02		1.189888e-01		2.537830e-05		-5.481324e-05		5.742757e-05		-4.299060e-01		-1.693576e-02		3.935090e-01		7.144675e-05		-5.497005e-05		1.822552e-05	
129  	:		4.300454e-01		1.702017e-02		3.935086e-01		7.148520e-05		-5.498584e-05		-1.819517e-05		4.299351e-01		2.348263e-02		6.697586e-01		1.186563e-04		-5.508178e-05		-5.703715e-05	
130  	:		2.126938e-01		-2.952763e-03		3.938095e-01		3.363350e-05		-5.447115e-05		-1.013011e-05		2.126268e-01		-9.344954e-03		6.702443e-01		5.659310e-05		-5.422041e-05		-3.053810e-05	
131  	:		-8.034950e-05		-2.233550e-05		3.939035e-01		3.812186e-05		-5.413301e-05		-4.519446e-09		-8.056873e-05		-1.639846e-04		6.703949e-01		6.322853e-05		-5.370465e-05		-3.443709e-09	
132  	:		-2.127528e-01		2.890686e-03		3.938100e-01		3.362356e-05		-5.444859e-05		1.010428e-05		-2.126863e-01		8.911927e-03		6.702448e-01		5.652554e-05		-5.418758e-05		3.050794e-05	
133  	:		-4.299060e-01		-1.693576e-02		3.935090e-01		7.144675e-05		-5.497005e-05		1.822552e-05		-4.297950e-01		-2.288562e-02		6.697568e-01		1.184598e-04		-5.505087e-05		5.707076e-05	
134  	:		-1.341776e-02		1.189851e-01		-4.299139e-01		5.484399e-05		-5.746076e-05		-2.538928e-05		0.000000e+00		0.000000e+00		0.000000e+00		0.000000e+00		0.000000e+00		0.000000e+00	
135  	:		-2.934646e-03		1.191097e-01		-2.126315e-01		5.412591e-05		-3.050690e-05		-1.132736e-05		0.000000e+00		0.000000e+00		0.000000e+00		0.000000e+00		0.000000e+00		0.000000e+00	
136  	:		2.356052e-05		1.191549e-01		8.009960e-05		5.358033e-05		2.007901e-08		-1.329318e-05		0.000000e+00		0.000000e+00		0.000000e+00		0.000000e+00		0.000000e+00		0.000000e+00	
137  	:		2.955209e-03		1.191122e-01		2.126901e-01		5.409314e-05		3.052001e-05		-1.131877e-05		0.000000e+00		0.000000e+00		0.000000e+00		0.000000e+00		0.000000e+00		0.000000e+00	
138  	:		1.337364e-02		1.189888e-01		4.297752e-01		5.481324e-05		5.742757e-05		-2.537830e-05		0.000000e+00		0.000000e+00		0.000000e+00		0.000000e+00		0.000000e+00		0.000000e+00	
139  	:		-1.702017e-02		3.935086e-01		-4.300454e-01		5.498584e-05		-1.819517e-05		-7.148520e-05		0.000000e+00		0.000000e+00		0.000000e+00		0.000000e+00		0.000000e+00		0.000000e+00	
140  	:		2.952763e-03		3.938095e-01		-2.126938e-01		5.447115e-05		-1.013011e-05		-3.363350e-05		0.000000e+00		0.000000e+00		0.000000e+00		0.000000e+00		0.000000e+00		0.000000e+00	
141  	:		2.233550e-05		3.939035e-01		8.034950e-05		5.413301e-05		-4.519446e-09		-3.812186e-05		0.000000e+00		0.000000e+00		0.000000e+00		0.000000e+00		0.000000e+00		0.000000e+00	
142  	:		-2.890686e-03		3.938100e-01		2.127528e-01		5.444859e-05		1.010428e-05		-3.362356e-05		0.000000e+00		0.000000e+00		0.000000e+00		0.000000e+00		0.000000e+00		0.000000e+00	
143  	:		1.693576e-02		3.935090e-01		4.299060e-01		5.497005e-05		1.822552e-05		-7.144675e-05		0.000000e+00		0.000000e+00		0.000000e+00		0.000000e+00		0.000000e+00		0.000000e+00	
144  	:		-2.348263e-02		6.697586e-01		-4.299351e-01		5.508178e-05		-5.703715e-05		-1.186563e-04		0.000000e+00		0.000000e+00		0.000000e+00		0.000000e+00		0.000000e+00		0.000000e+00	
145  	:		9.344954e-03		6.702443e-01		-2.126268e-01		5.422041e-05		-3.053810e-05		-5.659310e-05		0.000000e+00		0.000000e+00		0.000000e+00		0.000000e+00		0.000000e+00		0.000000e+00	
146  	:		1.639846e-04		6.703949e-01		8.056873e-05		5.370465e-05		-3.443709e-09		-6.322853e-05		0.000000e+00		0.000000e+00		0.000000e+00		0.000000e+00		0.000000e+00		0.000000e+00	
147  	:		-8.911927e-03		6.702448e-01		2.126863e-01		5.418758e-05		3.050794e-05		-5.652554e-05		0.000000e+00		0.000000e+00		0.000000e+00		0.000000e+00		0.000000e+00		0.000000e+00	
148  	:		2.288562e-02		6.697568e-01		4.297950e-01		5.505087e-05		5.707076e-05		-1.184598e-04		0.000000e+00		0.000000e+00		0.000000e+00		0.000000e+00		0.000000e+00		0.000000e+00	



																	MEMBER-END FORCES



S.no			   1			   2			   3			   4					   5			   6				   7				   8			   9				  10				  11				  12			
 
1    	:	-4.150039		-3.597441		-0.289123		-1.629467		-1.760857		-9.215592		4.150039		3.597441		0.289123		1.629467		2.917351		-5.174172		
2    	:	-3.890450		-3.189691		9.103456		-1.949373		-21.282590		-6.694776		3.890450		3.189691		-9.103456		1.949373		-15.131234		-6.063987		
3    	:	0.711284		-3.199965		9.256255		-1.903296		-16.030327		-6.088113		-0.711284		3.199965		-9.256255		1.903296		-20.994693		-6.711746		
4    	:	2.228893		-3.603237		1.504887		-1.495681		-0.453948		-5.203471		-2.228893		3.603237		-1.504887		1.495681		-5.565598		-9.209477		
5    	:	6.725083		-15.661736		22.091297		0.124613		-49.923799		-38.172811		-6.725083		15.661736		-22.091297		-0.124613		-38.441390		-24.474132		
6    	:	6.268945		-13.924007		28.745836		-0.791625		-59.279788		-28.622376		-6.268945		13.924007		-28.745836		0.791625		-55.703555		-27.073654		
7    	:	2.287094		-13.904059		28.501110		-0.774472		-56.057059		-27.033721		-2.287094		13.904059		-28.501110		0.774472		-57.947380		-28.582516		
8    	:	-1.448272		-15.433112		21.396840		0.113030		-38.047952		-24.237133		1.448272		15.433112		-21.396840		-0.113030		-47.539409		-37.495313		
9    	:	415.833171		-39.469973		23.599087		-1.310204		-56.614454		-94.591879		-415.833171		39.469973		-23.599087		1.310204		-37.781895		-63.288015		
10   	:	300.450383		-33.070942		24.411628		-1.954606		-51.061298		-67.435616		-300.450383		33.070942		-24.411628		1.954606		-46.585214		-64.848153		
11   	:	185.185136		-32.447066		23.923521		-1.909735		-46.600353		-63.931169		-185.185136		32.447066		-23.923521		1.909735		-49.093732		-65.857095		
12   	:	75.442328		-36.436982		21.199711		-1.259213		-34.865529		-59.105167		-75.442328		36.436982		-21.199711		1.259213		-49.933315		-86.642763		
13   	:	-13.665068		-7.262534		1.408140		-3.970100		3.902865		-21.780709		13.665068		7.262534		-1.408140		3.970100		-10.943566		-14.531960		
14   	:	4.433426		-2.840541		-6.261955		-1.521985		20.356421		-8.511502		-4.433426		2.840541		6.261955		1.521985		10.953352		-5.691200		
15   	:	0.323007		0.074030		-10.849922		-1.289289		32.856389		0.236381		-0.323007		-0.074030		10.849922		1.289289		21.393220		0.133771		
16   	:	-2.592712		2.911070		-7.547066		-1.523817		23.369630		8.753925		2.592712		-2.911070		7.547066		1.523817		14.365698		5.801424		
17   	:	11.501348		7.117974		-0.566992		-3.869243		7.671368		21.301905		-11.501348		-7.117974		0.566992		3.869243		-4.836410		14.287965		
18   	:	-9.823549		-7.818272		-24.898656		-7.366157		64.191172		-16.296203		9.823549		7.818272		24.898656		7.366157		60.302108		-22.795158		
19   	:	4.081926		-2.656153		-36.176976		-2.903242		89.446911		-5.202112		-4.081926		2.656153		36.176976		2.903242		91.437968		-8.078651		
20   	:	0.297628		0.097335		-37.688636		-2.639922		92.866122		0.213544		-0.297628		-0.097335		37.688636		2.639922		95.577060		0.273131		
21   	:	-2.422440		2.812020		-34.121276		-2.735524		84.188944		5.567182		2.422440		-2.812020		34.121276		2.735524		86.417435		8.492916		
22   	:	7.866436		7.565070		-21.717715		-6.355356		55.410573		15.717589		-7.866436		-7.565070		21.717715		6.355356		53.178002		22.107763		
23   	:	-10.859975		2.741899		-13.375945		2.142008		23.410176		5.245493		10.859975		-2.741899		13.375945		-2.142008		20.730442		3.802774		
24   	:	-2.432790		6.002365		-4.959153		1.991182		8.831408		10.346963		2.432790		-6.002365		4.959153		-1.991182		7.533798		9.460842		
25   	:	0.063757		6.248187		0.170207		1.694828		-0.282458		10.862811		-0.063757		-6.248187		-0.170207		-1.694828		-0.279227		9.756207		
26   	:	2.507797		6.029457		5.158656		1.920989		-9.161540		10.391400		-2.507797		-6.029457		-5.158656		-1.920989		-7.862027		9.505808		
27   	:	10.721211		2.795884		13.006234		2.105770		-22.797587		5.340234		-10.721211		-2.795884		-13.006234		-2.105770		-20.122986		3.886184		
28   	:	-16.217474		19.581714		-18.249778		3.323806		30.703549		34.776754		16.217474		-19.581714		18.249778		-3.323806		29.520719		29.842901		
29   	:	1.922116		30.371158		-7.006039		2.679086		11.809551		51.715249		-1.922116		-30.371158		7.006039		-2.679086		11.310377		48.509574		
30   	:	0.043253		30.820566		0.219347		2.498727		-0.364469		52.756741		-0.043253		-30.820566		-0.219347		-2.498727		-0.359377		48.951128		
31   	:	-1.628103		30.309576		7.274541		2.559310		-12.256107		51.607942		1.628103		-30.309576		-7.274541		-2.559310		-11.749879		48.413659		
32   	:	15.880208		19.702451		17.761929		3.034755		-29.892524		35.009200		-15.880208		-19.702451		-17.761929		-3.034755		-28.721840		30.008888		
33   	:	-31.651701		59.268173		-13.775538		3.687654		24.105362		101.958035		31.651701		-59.268173		13.775538		-3.687654		21.353913		93.626935		
34   	:	9.055184		79.205812		-4.894466		2.594774		8.723054		133.626873		-9.055184		-79.205812		4.894466		-2.594774		7.428685		127.752306		
35   	:	0.526541		77.576611		0.190479		2.391493		-0.318003		131.419243		-0.526541		-77.576611		-0.190479		-2.391493		-0.310578		124.583572		
36   	:	-6.801936		75.621532		5.146250		2.458174		-9.143437		127.697786		6.801936		-75.621532		-5.146250		-2.458174		-7.839189		121.853270		
37   	:	28.871912		53.724613		13.333275		3.244687		-23.366976		92.998119		-28.871912		-53.724613		-13.333275		-3.244687		-20.632831		84.293105		
38   	:	-2.006134		-8.514413		0.962264		-3.720425		-3.374566		-19.796920		2.006134		8.514413		-0.962264		3.720425		-0.474489		-14.260731		
39   	:	-1.644302		-7.270403		4.635473		-3.917360		-10.599716		-14.560143		1.644302		7.270403		-4.635473		3.917360		-7.942176		-14.521470		
40   	:	1.011461		-7.278202		4.757616		-3.864387		-8.366191		-14.541355		-1.011461		7.278202		-4.757616		3.864387		-10.664272		-14.571453		
41   	:	1.687468		-8.536226		1.304408		-3.575993		-1.142209		-14.306139		-1.687468		8.536226		-1.304408		3.575993		-4.075423		-19.838763		
42   	:	0.177562		-32.543196		7.083408		-0.909661		-16.107613		-74.256281		-0.177562		32.543196		-7.083408		0.909661		-12.226018		-55.916503		
43   	:	-0.015039		-27.995409		11.023875		-1.554509		-22.772712		-55.959598		0.015039		27.995409		-11.023875		1.554509		-21.322790		-56.022037		
44   	:	0.161271		-27.958087		11.208925		-1.532620		-21.829811		-55.962654		-0.161271		27.958087		-11.208925		1.532620		-23.005890		-55.869693		
45   	:	-0.180834		-32.408530		7.534534		-0.892198		-13.125921		-55.762885		0.180834		32.408530		-7.534534		0.892198		-17.012214		-73.871237		
46   	:	7.673968		-69.175666		6.330226		-3.514560		-15.634577		-157.301830		-7.673968		69.175666		-6.330226		3.514560		-9.686326		-119.400833		
47   	:	7.146623		-58.442359		8.325711		-3.924034		-17.691195		-116.887904		-7.146623		58.442359		-8.325711		3.924034		-15.611649		-116.881531		
48   	:	3.601582		-57.790184		8.435749		-3.871644		-16.017867		-115.948304		-3.601582		57.790184		-8.435749		3.871644		-17.725130		-115.212434		
49   	:	-0.927469		-66.700103		6.520629		-3.422446		-10.143589		-115.790408		0.927469		66.700103		-6.520629		3.422446		-15.938925		-151.010005		
50   	:	-3.288693		-16.040578		-0.869408		-6.346815		4.023698		-46.584492		3.288693		16.040578		0.869408		6.346815		0.323342		-33.618399		
51   	:	0.852658		-7.018051		-4.107141		-3.101105		11.725424		-20.480069		-0.852658		7.018051		4.107141		3.101105		8.810282		-14.610186		
52   	:	-0.007393		0.093385		-6.065689		-3.126737		17.104840		0.281215		0.007393		-0.093385		6.065689		3.126737		13.223604		0.185713		
53   	:	-0.800640		7.106096		-4.404894		-3.095542		12.504051		20.756444		0.800640		-7.106096		4.404894		3.095542		9.520417		14.774035		
54   	:	3.244068		15.859148		-1.146476		-6.283489		4.739240		46.026902		-3.244068		-15.859148		1.146476		6.283489		0.993142		33.268838		
55   	:	-2.254396		-16.622108		-6.133314		-9.678956		15.562010		-35.310164		2.254396		16.622108		6.133314		9.678956		15.104561		-47.800373		
56   	:	0.864054		-6.864434		-10.791669		-4.720187		26.381235		-14.204216		-0.864054		6.864434		10.791669		4.720187		27.577110		-20.117954		
57   	:	0.028500		0.119372		-12.428520		-4.702743		30.221513		0.264184		-0.028500		-0.119372		12.428520		4.702743		31.921087		0.332678		
58   	:	-0.746560		7.032167		-11.016994		-4.539766		26.905170		14.593555		0.746560		-7.032167		11.016994		4.539766		28.179798		20.567280		
59   	:	2.108402		16.335002		-6.375785		-8.877467		16.065766		34.656642		-2.108402		-16.335002		6.375785		8.877467		15.813159		47.018370		
60   	:	-35.414966		5.617441		-17.626901		2.791140		29.574475		9.647330		35.414966		-5.617441		17.626901		-2.791140		28.594300		8.890226		
61   	:	-8.206832		9.747674		-7.779705		2.642401		13.143206		16.258927		8.206832		-9.747674		7.779705		-2.642401		12.529820		15.908398		
62   	:	0.149343		9.658114		0.040671		2.491301		-0.054961		16.179880		-0.149343		-9.658114		-0.040671		-2.491301		-0.079255		15.691895		
63   	:	8.355870		9.758344		7.811224		2.618559		-13.182811		16.276243		-8.355870		-9.758344		-7.811224		-2.618559		-12.594230		15.926291		
64   	:	35.116585		5.629829		17.554710		2.769586		-29.479909		9.669090		-35.116585		-5.629829		-17.554710		-2.769586		-28.450635		8.909344		
65   	:	-49.342199		24.668058		-24.298889		3.101545		40.317505		41.081238		49.342199		-24.668058		24.298889		-3.101545		39.868829		40.323354		
66   	:	6.623520		37.248287		-10.935111		2.871873		18.148873		61.747446		-6.623520		-37.248287		10.935111		-2.871873		17.936992		61.171901		
67   	:	0.106562		37.007088		0.070191		2.791243		-0.112409		61.457557		-0.106562		-37.007088		-0.070191		-2.791243		-0.119222		60.665833		
68   	:	-6.152475		37.263780		11.003013		2.853087		-18.258132		61.774694		6.152475		-37.263780		-11.003013		-2.853087		-18.051809		61.195781		
69   	:	48.764593		24.750926		24.160796		3.081449		-40.095838		41.268371		-48.764593		-24.750926		-24.160796		-3.081449		-39.634790		40.409685		
70   	:	-84.205260		45.460891		-17.851368		3.157638		29.961020		73.353851		84.205260		-45.460891		17.851368		-3.157638		28.948493		76.667088		
71   	:	26.652925		68.941488		-7.754005		2.794363		13.098742		113.256618		-26.652925		-68.941488		7.754005		-2.794363		12.489475		114.250293		
72   	:	1.059343		68.693132		0.051940		2.683064		-0.074489		112.949006		-1.059343		-68.693132		-0.051940		-2.683064		-0.096914		113.738328		
73   	:	-22.744022		69.133589		7.807931		2.769252		-13.177289		113.689338		22.744022		-69.133589		-7.807931		-2.769252		-12.588882		114.451506		
74   	:	79.237013		46.421360		17.745502		3.118922		-29.807985		75.594367		-79.237013		-46.421360		-17.745502		-3.118922		-28.752172		77.596119		
75   	:	-0.545969		-11.476051		0.530551		-4.275326		-1.634377		-26.266135		0.545969		11.476051		-0.530551		4.275326		-0.487829		-19.638069		
76   	:	-0.566061		-9.183714		1.694557		-4.808574		-3.827200		-18.202192		0.566061		9.183714		-1.694557		4.808574		-2.951026		-18.532665		
77   	:	0.440831		-9.186332		1.728985		-4.791579		-3.059072		-18.542963		-0.440831		9.186332		-1.728985		4.791579		-3.856867		-18.202366		
78   	:	0.488224		-11.490006		0.591340		-4.242699		-0.606325		-19.663440		-0.488224		11.490006		-0.591340		4.242699		-1.759037		-26.296585		
79   	:	-0.058672		-36.731921		1.944323		-1.267899		-4.475603		-82.878573		0.058672		36.731921		-1.944323		1.267899		-3.301689		-64.049113		
80   	:	-0.295828		-30.574290		3.389197		-1.864748		-7.028069		-60.827081		0.295828		30.574290		-3.389197		1.864748		-6.528720		-61.470078		
81   	:	0.195356		-30.550678		3.443180		-1.855065		-6.662869		-61.433594		-0.195356		30.550678		-3.443180		1.855065		-7.109851		-60.769120		
82   	:	-0.030198		-36.778907		2.054632		-1.277560		-3.512234		-64.127966		0.030198		36.778907		-2.054632		1.277560		-4.706296		-82.987661		
83   	:	-0.587863		-63.478003		1.430989		-4.124635		-3.694723		-142.791859		0.587863		63.478003		-1.430989		4.124635		-2.029235		-111.120154		
84   	:	-0.678943		-54.163789		2.318111		-4.811842		-5.019927		-108.056365		0.678943		54.163789		-2.318111		4.811842		-4.252517		-108.598792		
85   	:	-0.265696		-54.025985		2.354116		-4.795746		-4.362652		-108.383443		0.265696		54.025985		-2.354116		4.795746		-5.053811		-107.720498		
86   	:	-0.293896		-63.871875		1.496262		-4.129566		-2.156035		-111.798432		0.293896		63.871875		-1.496262		4.129566		-3.829011		-143.689067		
87   	:	-0.540439		-19.123532		-0.522711		-6.347346		1.693169		-55.306891		0.540439		19.123532		0.522711		6.347346		0.920384		-40.310768		
88   	:	0.211003		-9.113206		-1.632634		-3.254293		4.457030		-26.484720		-0.211003		9.113206		1.632634		3.254293		3.706138		-19.081311		
89   	:	0.001112		0.022688		-2.290723		-3.333518		6.252983		0.071088		-0.001112		-0.022688		2.290723		3.333518		5.200632		0.042351		
90   	:	-0.211138		9.127241		-1.695194		-3.251415		4.623835		26.539313		0.211138		-9.127241		1.695194		3.251415		3.852134		19.096893		
91   	:	0.539462		19.086809		-0.572890		-6.350845		1.834616		55.181210		-0.539462		-19.086809		0.572890		6.350845		1.029835		40.252836		
92   	:	-0.453895		-19.491332		-1.366027		-6.907393		3.379277		-41.406429		0.453895		19.491332		1.366027		6.907393		3.450860		-56.050232		
93   	:	0.080320		-9.021637		-2.733174		-3.651884		6.600513		-18.838326		-0.080320		9.021637		2.733174		3.651884		7.065356		-26.269857		
94   	:	0.001530		0.039266		-3.344283		-3.626389		8.021063		0.093734		-0.001530		-0.039266		3.344283		3.626389		8.700354		0.102598		
95   	:	-0.073883		9.081557		-2.801664		-3.626777		6.762185		18.987357		0.073883		-9.081557		2.801664		3.626777		7.246134		26.420426		
96   	:	0.445929		19.392146		-1.427595		-6.930121		3.518580		41.163665		-0.445929		-19.392146		1.427595		6.930121		3.619397		55.797065		
97   	:	-66.014549		6.686121		-18.697892		2.849932		30.987917		11.028564		66.014549		-6.686121		18.697892		-2.849932		30.715127		11.035634		
98   	:	-15.027701		11.400400		-8.732707		2.784403		14.488148		18.677571		15.027701		-11.400400		8.732707		-2.784403		14.329785		18.943751		
99   	:	0.169413		10.941944		0.007355		2.734186		-0.008828		18.050215		-0.169413		-10.941944		-0.007355		-2.734186		-0.015444		18.058202		
100  	:	15.179437		11.406144		8.737731		2.779202		-14.493963		18.688100		-15.179437		-11.406144		-8.737731		-2.779202		-14.340550		18.952177		
101  	:	65.693400		6.690943		18.685513		2.845165		-30.973274		11.036395		-65.693400		-6.690943		-18.685513		-2.845165		-30.688918		11.043716		
102  	:	-86.441921		25.570047		-26.156668		2.925603		43.116267		41.995173		86.441921		-25.570047		26.156668		-2.925603		43.200737		42.385983		
103  	:	12.872721		38.585982		-12.510668		2.848766		20.579495		63.306701		-12.872721		-38.585982		12.510668		-2.848766		20.705708		64.027041		
104  	:	0.146752		37.569465		0.016626		2.821349		-0.026545		61.944967		-0.146752		-37.569465		-0.016626		-2.821349		-0.028321		62.034266		
105  	:	-12.426388		38.595805		12.528814		2.845321		-20.609945		63.325942		12.426388		-38.595805		-12.528814		-2.845321		-20.735142		64.040213		
106  	:	85.848836		25.575433		26.121895		2.923567		-43.059271		41.998701		-85.848836		-25.575433		-26.121895		-2.923567		-43.142982		42.400228		
107  	:	-128.191931		44.682726		-18.828462		2.913774		31.226374		73.032163		128.191931		-44.682726		18.828462		-2.913774		30.907551		74.420833		
108  	:	44.988776		66.299395		-8.721447		2.810557		14.467589		108.578109		-44.988776		-66.299395		8.721447		-2.810557		14.313185		110.209894		
109  	:	1.157881		64.935602		0.014406		2.768249		-0.021779		106.870296		-1.157881		-64.935602		-0.014406		-2.768249		-0.025759		107.417190		
110  	:	-41.671468		66.360125		8.739668		2.805540		-14.497725		108.694201		41.671468		-66.360125		-8.739668		-2.805540		-14.343180		110.294211		
111  	:	123.716742		44.699869		18.795835		2.909307		-31.174458		73.023068		-123.716742		-44.699869		-18.795835		-2.909307		-30.851797		74.486498		
112  	:	-1.556642		-12.294955		0.128393		-4.448438		-0.443784		-28.251869		1.556642		12.294955		-0.128393		4.448438		-0.069787		-20.927952		
113  	:	-0.565722		-9.039623		0.527524		-5.038145		-1.197127		-17.567315		0.565722		9.039623		-0.527524		5.038145		-0.912970		-18.591177		
114  	:	0.534305		-9.041454		0.534555		-5.033681		-0.935568		-18.597077		-0.534305		9.041454		-0.534555		5.033681		-1.202654		-17.568740		
115  	:	1.542825		-12.299943		0.142130		-4.440797		-0.096734		-20.938551		-1.542825		12.299943		-0.142130		4.440797		-0.471786		-28.261222		
116  	:	-3.761125		-37.161029		0.305140		-1.331051		-0.744313		-84.179274		3.761125		37.161029		-0.305140		1.331051		-0.476247		-64.464844		
117  	:	-1.175375		-28.601786		0.866057		-1.671118		-1.820172		-56.034728		1.175375		28.601786		-0.866057		1.671118		-1.644058		-58.372417		
118  	:	1.168473		-28.594505		0.877099		-1.668347		-1.672017		-58.360442		-1.168473		28.594505		-0.877099		1.668347		-1.836380		-56.017577		
119  	:	3.762437		-37.170739		0.328913		-1.340322		-0.522028		-64.491688		-3.762437		37.170739		-0.328913		1.340322		-0.793622		-84.191267		
120  	:	-6.071401		-62.045174		0.253144		-4.373378		-0.730602		-140.252650		6.071401		62.045174		-0.253144		4.373378		-0.281972		-107.928047		
121  	:	-1.882808		-48.598484		0.613810		-5.039412		-1.361933		-95.468991		1.882808		48.598484		-0.613810		5.039412		-1.093308		-98.924945		
122  	:	1.876646		-48.551576		0.620839		-5.035571		-1.115914		-98.848722		-1.876646		48.551576		-0.620839		5.035571		-1.367443		-95.357581		
123  	:	6.100164		-62.143193		0.267226		-4.383902		-0.309637		-108.157673		-6.100164		62.143193		-0.267226		4.383902		-0.759268		-140.415100		
124  	:	-1.315182		-19.274222		0.005112		-6.086102		0.016772		-56.365886		1.315182		19.274222		-0.005112		6.086102		-0.042331		-40.005226		
125  	:	-0.622937		-9.570512		-0.320714		-2.945107		0.873709		-28.171446		0.622937		9.570512		0.320714		2.945107		0.729860		-19.681114		
126  	:	0.002499		0.003767		-0.546522		-3.278162		1.481446		0.014543		-0.002499		-0.003767		0.546522		3.278162		1.251163		0.004294		
127  	:	0.626844		9.571484		-0.334353		-2.944929		0.909935		28.181988		-0.626844		-9.571484		0.334353		2.944929		0.761830		19.675432		
128  	:	1.308776		19.269483		-0.006206		-6.082476		0.048183		56.340800		-1.308776		-19.269483		0.006206		6.082476		-0.017154		40.006614		
129  	:	1.103146		-19.454327		-0.108097		-6.228064		0.290229		-40.543738		-1.103146		19.454327		0.108097		6.228064		0.250254		-56.727896		
130  	:	0.669289		-9.527834		-0.470592		-3.031385		1.124243		-19.567919		-0.669289		9.527834		0.470592		3.031385		1.228719		-28.071251		
131  	:	0.002192		0.012174		-0.689727		-3.314865		1.635075		0.030211		-0.002192		-0.012174		0.689727		3.314865		1.813560		0.030659		
132  	:	-0.664689		9.550932		-0.484434		-3.023778		1.156709		19.626566		0.664689		-9.550932		0.484434		3.023778		1.265461		28.128092		
133  	:	-1.109939		19.419055		-0.119544		-6.207192		0.315699		40.454880		1.109939		-19.419055		0.119544		6.207192		0.282022		56.640396		
134  	:	-97.583726		8.237651		-20.141467		2.422921		30.099198		11.130132		97.583726		-8.237651		20.141467		-2.422921		36.367644		16.054114		
135  	:	-21.342881		10.730194		-9.754775		2.391198		14.431367		16.606409		21.342881		-10.730194		9.754775		-2.391198		17.759392		18.803231		
136  	:	0.171349		10.388440		0.002823		2.367095		-0.003563		15.851890		-0.171349		-10.388440		-0.002823		-2.367095		-0.005753		18.429961		
137  	:	21.492432		10.731977		9.757000		2.389749		-14.434322		16.610185		-21.492432		-10.731977		-9.757000		-2.389749		-17.763778		18.805340		
138  	:	97.262826		8.239974		20.136419		2.421562		-30.092679		11.135030		-97.262826		-8.239974		-20.136419		-2.421562		-36.357504		16.056882		
139  	:	-123.783055		29.444381		-24.043479		2.429188		38.679277		41.651330		123.783055		-29.444381		24.043479		-2.429188		40.664205		55.515127		
140  	:	21.474642		36.150111		-11.779359		2.406450		18.883391		56.386253		-21.474642		-36.150111		11.779359		-2.406450		19.988494		62.909113		
141  	:	0.162440		35.368822		0.005278		2.391511		-0.008955		54.661890		-0.162440		-35.368822		-0.005278		-2.391511		-0.008462		62.055221		
142  	:	-21.023174		36.151922		11.785469		2.405453		-18.894881		56.390205		21.023174		-36.151922		-11.785469		-2.405453		-19.997166		62.911138		
143  	:	123.169147		29.451208		24.032092		2.428490		-38.658833		41.666323		-123.169147		-29.451208		-24.032092		-2.428490		-40.647071		55.522663		
144  	:	-170.782778		50.646031		-20.184752		2.433426		30.193723		72.059881		170.782778		-50.646031		20.184752		-2.433426		36.415958		95.072020		
145  	:	67.963300		61.640209		-9.751403		2.395372		14.424099		96.218530		-67.963300		-61.640209		9.751403		-2.395372		17.755529		107.194161		
146  	:	1.192615		60.486421		0.005184		2.372587		-0.008742		93.671343		-1.192615		-60.486421		-0.005184		-2.372587		-0.008366		105.933846		
147  	:	-64.814017		61.652173		9.757970		2.393922		-14.436581		96.244821		64.814017		-61.652173		-9.757970		-2.393922		-17.764720		107.207350		
148  	:	166.440880		50.680488		20.173000		2.432061		-30.172500		72.135794		-166.440880		-50.680488		-20.173000		-2.432061		-36.398401		95.109817		



																	NODAL DISPLACEMENTS



S.no			1   		2   			3   			4   		5   		6   	

1    	:	 0.48		 0.03		-1.72		-0.00		-0.00		-0.00		
2    	:	 0.48		 0.01		-0.81		-0.00		-0.00		-0.00		
3    	:	 0.48		-0.00		 0.01		 0.00		-0.00		-0.00		
4    	:	 0.48		-0.01		 0.82		 0.00		-0.00		-0.00		
5    	:	 0.48		-0.03		 1.71		 0.00		-0.00		-0.00		
6    	:	 1.71		 0.04		-1.72		-0.00		-0.00		-0.00		
7    	:	 1.71		-0.01		-0.81		-0.00		-0.00		-0.00		
8    	:	 1.71		-0.00		 0.01		 0.00		-0.00		-0.00		
9    	:	 1.71		 0.01		 0.82		 0.00		-0.00		-0.00		
10   	:	 1.71		-0.04		 1.71		 0.00		-0.00		-0.00		
11   	:	 3.32		 0.06		-1.72		-0.00		-0.00		-0.00		
12   	:	 3.28		-0.02		-0.81		-0.00		-0.00		-0.00		
13   	:	 3.26		-0.00		 0.01		 0.00		-0.00		-0.00		
14   	:	 3.24		 0.02		 0.82		 0.00		-0.00		-0.00		
15   	:	 3.24		-0.05		 1.71		 0.00		-0.00		-0.00		
16   	:	 0.40		 0.03		-1.39		-0.00		-0.00		-0.00		
17   	:	 0.40		 0.01		-0.67		-0.00		-0.00		-0.00		
18   	:	 0.40		-0.00		 0.00		 0.00		-0.00		-0.00		
19   	:	 0.40		-0.01		 0.67		 0.00		-0.00		-0.00		
20   	:	 0.40		-0.03		 1.38		 0.00		-0.00		-0.00		
21   	:	 1.34		 0.04		-1.39		-0.00		-0.00		-0.00		
22   	:	 1.34		-0.01		-0.67		-0.00		-0.00		-0.00		
23   	:	 1.34		-0.00		 0.00		 0.00		-0.00		-0.00		
24   	:	 1.34		 0.01		 0.67		 0.00		-0.00		-0.00		
25   	:	 1.34		-0.04		 1.38		 0.00		-0.00		-0.00		
26   	:	 2.36		 0.05		-1.39		-0.00		-0.00		-0.00		
27   	:	 2.36		-0.02		-0.67		-0.00		-0.00		-0.00		
28   	:	 2.36		-0.00		 0.00		 0.00		-0.00		-0.00		
29   	:	 2.36		 0.02		 0.67		 0.00		-0.00		-0.00		
30   	:	 2.36		-0.05		 1.38		 0.00		-0.00		-0.00		
31   	:	 0.27		 0.02		-0.93		-0.00		-0.00		-0.00		
32   	:	 0.27		 0.01		-0.46		-0.00		-0.00		-0.00		
33   	:	 0.27		-0.00		 0.00		 0.00		-0.00		-0.00		
34   	:	 0.27		-0.01		 0.46		 0.00		-0.00		-0.00		
35   	:	 0.27		-0.02		 0.93		 0.00		-0.00		-0.00		
36   	:	 0.87		 0.03		-0.93		-0.00		-0.00		-0.00		
37   	:	 0.87		-0.00		-0.46		-0.00		-0.00		-0.00		
38   	:	 0.87		-0.00		 0.00		 0.00		-0.00		-0.00		
39   	:	 0.87		 0.00		 0.46		 0.00		-0.00		-0.00		
40   	:	 0.87		-0.03		 0.93		 0.00		-0.00		-0.00		
41   	:	 1.49		 0.04		-0.93		-0.00		-0.00		-0.00		
42   	:	 1.49		-0.02		-0.46		-0.00		-0.00		-0.00		
43   	:	 1.49		-0.00		 0.00		 0.00		-0.00		-0.00		
44   	:	 1.49		 0.01		 0.46		 0.00		-0.00		-0.00		
45   	:	 1.49		-0.04		 0.93		 0.00		-0.00		-0.00		
46   	:	 0.12		 0.01		-0.43		-0.00		-0.00		-0.00		
47   	:	 0.12		 0.00		-0.21		-0.00		-0.00		-0.00		
48   	:	 0.12		-0.00		 0.00		 0.00		-0.00		-0.00		
49   	:	 0.12		-0.00		 0.21		 0.00		-0.00		-0.00		
50   	:	 0.12		-0.01		 0.43		 0.00		-0.00		-0.00		
51   	:	 0.39		 0.02		-0.43		-0.00		-0.00		-0.00		
52   	:	 0.39		-0.00		-0.21		-0.00		-0.00		-0.00		
53   	:	 0.39		-0.00		 0.00		-0.00		-0.00		-0.00		
54   	:	 0.39		 0.00		 0.21		 0.00		-0.00		-0.00		
55   	:	 0.39		-0.02		 0.43		 0.00		-0.00		-0.00		
56   	:	 0.67		 0.02		-0.43		-0.00		-0.00		-0.00		
57   	:	 0.67		-0.01		-0.21		-0.00		-0.00		-0.00		
58   	:	 0.67		-0.00		 0.00		-0.00		-0.00		-0.00		
59   	:	 0.67		 0.01		 0.21		 0.00		-0.00		-0.00		
60   	:	 0.67		-0.02		 0.43		 0.00		-0.00		-0.00		
61   	:	 0.00		 0.00		 0.00		 0.00		 0.00		 0.00		
62   	:	 0.00		 0.00		 0.00		 0.00		 0.00		 0.00		
63   	:	 0.00		 0.00		 0.00		 0.00		 0.00		 0.00		
64   	:	 0.00		 0.00		 0.00		 0.00		 0.00		 0.00		
65   	:	 0.00		 0.00		 0.00		 0.00		 0.00		 0.00		
66   	:	 0.00		 0.00		 0.00		 0.00		 0.00		 0.00		
67   	:	 0.00		 0.00		 0.00		 0.00		 0.00		 0.00		
68   	:	 0.00		 0.00		 0.00		 0.00		 0.00		 0.00		
69   	:	 0.00		 0.00		 0.00		 0.00		 0.00		 0.00		
70   	:	 0.00		 0.00		 0.00		 0.00		 0.00		 0.00		
71   	:	 0.00		 0.00		 0.00		 0.00		 0.00		 0.00		
72   	:	 0.00		 0.00		 0.00		 0.00		 0.00		 0.00		
73   	:	 0.00		 0.00		 0.00		 0.00		 0.00		 0.00		
74   	:	 0.00		 0.00		 0.00		 0.00		 0.00		 0.00		
75   	:	 0.00		 0.00		 0.00		 0.00		 0.00		 0.00		



																	REACTIONS



S.no			Fx    		Fy  			Fz  			Mx  		My  		Mz  	

61   	:	-8.24		-97.58		20.14		36.37		2.42 		16.05		
62   	:	-10.73		-21.34		9.75 		17.76		2.39 		18.80		
63   	:	-10.39		0.17 		-0.00		-0.01		2.37 		18.43		
64   	:	-10.73		21.49		-9.76		-17.76		2.39 		18.81		
65   	:	-8.24		97.26		-20.14		-36.36		2.42 		16.06		
66   	:	-29.44		-123.78		24.04		40.66		2.43 		55.52		
67   	:	-36.15		21.47		11.78		19.99		2.41 		62.91		
68   	:	-35.37		0.16 		-0.01		-0.01		2.39 		62.06		
69   	:	-36.15		-21.02		-11.79		-20.00		2.41 		62.91		
70   	:	-29.45		123.17		-24.03		-40.65		2.43 		55.52		
71   	:	-50.65		-170.78		20.18		36.42		2.43 		95.07		
72   	:	-61.64		67.96		9.75 		17.76		2.40 		107.19		
73   	:	-60.49		1.19 		-0.01		-0.01		2.37 		105.93		
74   	:	-61.65		-64.81		-9.76		-17.76		2.39 		107.21		
75   	:	-50.68		166.44		-20.17		-36.40		2.43 		95.11		

